00010000000000000000000100110111
00010000000000010000000100010011
11111110000000010000000100010011
00000000100000010010111000100011
00000010000000010000010000010011
00100000000000000000011110110111
11111110111101000010011000100011
00100000000000000000011110110111
00000000010001111000011110010011
11111110111101000010010000100011
11111110110001000010011110000011
00000000000001111010000000100011
11111111111100000000011110010011
11111110111101000000001110100011
11111110011101000100011100000011
11111110100001000010011110000011
00000000111001111010000000100011
00000000000000000000000000010011
11111110110001000010011110000011
00000000000001111010011110000011
11111110000001111000110011100011
11111110110001000010011110000011
00000000000001111010011110000011
11111111110101111111011100010011
11111110110001000010011110000011
00000000111001111010000000100011
11111110100001000010011110000011
00000001001000000000011100010011
00000000111001111010000000100011
00000000000000000000000000010011
00000001110000010010010000000011
00000010000000010000000100010011
00000000000000001000000001100111








