+-----------------------------------------------------------------------------------------------------------------------------------------------------------------------------------------------------------------------------------+
; Legal Partition Candidates                                                                                                                                                                                                        ;
+------------------------------+-------+----------------+--------------+----------------+--------+-----------------+---------------+-----------------+-------+----------------+--------------+------------------+-------------------+
; Hierarchy                    ; Input ; Constant Input ; Unused Input ; Floating Input ; Output ; Constant Output ; Unused Output ; Floating Output ; Bidir ; Constant Bidir ; Unused Bidir ; Input only Bidir ; Output only Bidir ;
+------------------------------+-------+----------------+--------------+----------------+--------+-----------------+---------------+-----------------+-------+----------------+--------------+------------------+-------------------+
; u_uart|u_delay_buffer        ; 2     ; 0              ; 0            ; 0              ; 1      ; 0               ; 0             ; 0               ; 0     ; 0              ; 0            ; 0                ; 0                 ;
; u_uart                       ; 3     ; 3              ; 0            ; 3              ; 67     ; 3               ; 3             ; 3               ; 0     ; 0              ; 0            ; 0                ; 0                 ;
; u_ram                        ; 67    ; 0              ; 2            ; 0              ; 36     ; 0               ; 0             ; 0               ; 0     ; 0              ; 0            ; 0                ; 0                 ;
; u_rom                        ; 100   ; 0              ; 42           ; 0              ; 32     ; 0               ; 0             ; 0               ; 0     ; 0              ; 0            ; 0                ; 0                 ;
; u_RISCV|INST_EX_UNIT|u_alu   ; 68    ; 0              ; 0            ; 0              ; 35     ; 0               ; 0             ; 0               ; 0     ; 0              ; 0            ; 0                ; 0                 ;
; u_RISCV|INST_EX_UNIT|u_cu    ; 67    ; 0              ; 48           ; 0              ; 13     ; 0               ; 0             ; 0               ; 0     ; 0              ; 0            ; 0                ; 0                 ;
; u_RISCV|INST_EX_UNIT         ; 199   ; 0              ; 2            ; 0              ; 137    ; 0               ; 0             ; 0               ; 0     ; 0              ; 0            ; 0                ; 0                 ;
; u_RISCV|INST_RF_UNIT         ; 50    ; 0              ; 0            ; 0              ; 64     ; 0               ; 0             ; 0               ; 0     ; 0              ; 0            ; 0                ; 0                 ;
; u_RISCV|INST_ID_UNIT|u_id_ex ; 168   ; 0              ; 0            ; 0              ; 165    ; 0               ; 0             ; 0               ; 0     ; 0              ; 0            ; 0                ; 0                 ;
; u_RISCV|INST_ID_UNIT|u_id    ; 66    ; 0              ; 34           ; 0              ; 47     ; 0               ; 0             ; 0               ; 0     ; 0              ; 0            ; 0                ; 0                 ;
; u_RISCV|INST_ID_UNIT         ; 131   ; 0              ; 0            ; 0              ; 175    ; 0               ; 0             ; 0               ; 0     ; 0              ; 0            ; 0                ; 0                 ;
; u_RISCV|INST_IF_UNIT|u_if_id ; 67    ; 0              ; 0            ; 0              ; 64     ; 0               ; 0             ; 0               ; 0     ; 0              ; 0            ; 0                ; 0                 ;
; u_RISCV|INST_IF_UNIT|u_pc    ; 35    ; 0              ; 0            ; 0              ; 32     ; 0               ; 0             ; 0               ; 0     ; 0              ; 0            ; 0                ; 0                 ;
; u_RISCV|INST_IF_UNIT         ; 68    ; 0              ; 0            ; 0              ; 96     ; 0               ; 0             ; 0               ; 0     ; 0              ; 0            ; 0                ; 0                 ;
; u_RISCV                      ; 66    ; 0              ; 0            ; 0              ; 97     ; 0               ; 0             ; 0               ; 0     ; 0              ; 0            ; 0                ; 0                 ;
+------------------------------+-------+----------------+--------------+----------------+--------+-----------------+---------------+-----------------+-------+----------------+--------------+------------------+-------------------+
