11111100000000010000000100010011
00000010100000010010111000100011
00000100000000010000010000010011
00000000000100000000011110010011
11111100111101000010111000100011
00000000001000000000011110010011
11111100111101000010110000100011
00000000010000000000011110010011
11111100111101000010101000100011
00000000100000000000011110010011
11111100111101000010100000100011
11111100000001000010011000100011
11111100110001000010011110000011
11111101110001000010011100000011
00000000111001111010000000100011
11111100110001000010011110000011
11111101110001000010011100000011
00000000111001111010000000100011
11111110000001000010011000100011
00000001000000000000000001101111
11111110110001000010011110000011
00000000000101111000011110010011
11111110111101000010011000100011
11111110110001000010011100000011
00000000000011110100011110110111
00100011111101111000011110010011
11111110111001111101010011100011
11111100110001000010011110000011
11111101100001000010011100000011
00000000111001111010000000100011
11111110000001000010010000100011
00000001000000000000000001101111
11111110100001000010011110000011
00000000000101111000011110010011
11111110111101000010010000100011
11111110100001000010011100000011
00000000000011110100011110110111
00100011111101111000011110010011
11111110111001111101010011100011
11111100110001000010011110000011
11111101010001000010011100000011
00000000111001111010000000100011
11111110000001000010001000100011
00000001000000000000000001101111
11111110010001000010011110000011
00000000000101111000011110010011
11111110111101000010001000100011
11111110010001000010011100000011
00000000000011110100011110110111
00100011111101111000011110010011
11111110111001111101010011100011
11111100110001000010011110000011
11111101000001000010011100000011
00000000111001111010000000100011
11111110000001000010000000100011
00000001000000000000000001101111
11111110000001000010011110000011
00000000000101111000011110010011
11111110111101000010000000100011
11111110000001000010011100000011
00000000000011110100011110110111
00100011111101111000011110010011
11111110111001111101010011100011
11110100000111111111000001101111
